"mpg" "cylinders" "displacement" "horsepower" "weight" "acceleration" "model_year" "origin"
"mpg" 1 -0.78 -0.8 -0.78 -0.83 0.42 0.58 0.56
"cylinders" -0.78 1 0.95 0.84 0.9 -0.51 -0.35 -0.56
"displacement" -0.8 0.95 1 0.9 0.93 -0.54 -0.37 -0.61
"horsepower" -0.78 0.84 0.9 1 0.86 -0.69 -0.42 -0.46
"weight" -0.83 0.9 0.93 0.86 1 -0.42 -0.31 -0.58
"acceleration" 0.42 -0.51 -0.54 -0.69 -0.42 1 0.29 0.21
"model_year" 0.58 -0.35 -0.37 -0.42 -0.31 0.29 1 0.18
"origin" 0.56 -0.56 -0.61 -0.46 -0.58 0.21 0.18 1
